Timestamp: 440
Processes in memory: 4
External Fragmentation: 0 KB
Memory Snapshot:
1 1 1 1 1 1 1 1 1 1 
1 1 1 1 1 1 1 1 1 1 
1 1 1 1 1 1 1 1 1 1 
1 1 1 1 1 1 1 1 1 1 
1 1 1 1 1 1 1 1 1 1 
1 1 1 1 1 1 1 1 1 1 
1 1 1 1 1 1 1 1 1 1 
1 1 1 1 1 1 1 1 1 1 
1 1 1 1 1 1 1 1 1 1 
1 1 1 1 1 1 1 1 1 1 
1 1 1 1 1 1 1 1 1 1 
1 1 1 1 1 1 1 1 1 1 
1 1 1 1 1 1 1 1 1 1 
1 1 1 1 1 1 1 1 1 1 
1 1 1 1 1 1 1 1 1 1 
1 1 1 1 1 1 1 1 1 1 
1 1 1 1 1 1 1 1 1 1 
1 1 1 1 1 1 1 1 1 1 
1 1 1 1 1 1 1 1 1 1 
1 1 1 1 1 1 1 1 1 1 
1 1 1 1 1 1 1 1 1 1 
1 1 1 1 1 1 1 1 1 1 
1 1 1 1 1 1 1 1 1 1 
1 1 1 1 1 1 1 1 1 1 
1 1 1 1 1 1 1 1 1 1 
1 1 1 1 1 1 2 2 2 2 
2 2 2 2 2 2 2 2 2 2 
2 2 2 2 2 2 2 2 2 2 
2 2 2 2 2 2 2 2 2 2 
2 2 2 2 2 2 2 2 2 2 
2 2 2 2 2 2 2 2 2 2 
2 2 2 2 2 2 2 2 2 2 
2 2 2 2 2 2 2 2 2 2 
2 2 2 2 2 2 2 2 2 2 
2 2 2 2 2 2 2 2 2 2 
2 2 2 2 2 2 2 2 2 2 
2 2 2 2 2 2 2 2 2 2 
2 2 2 2 2 2 2 2 2 2 
2 2 2 2 2 2 2 2 2 2 
2 2 2 2 2 2 2 2 2 2 
2 2 2 2 2 2 2 2 2 2 
2 2 2 2 2 2 2 2 2 2 
2 2 2 2 2 2 2 2 2 2 
2 2 2 2 2 2 2 2 2 2 
2 2 2 2 2 2 2 2 2 2 
2 2 2 2 2 2 2 2 2 2 
2 2 2 2 2 2 2 2 2 2 
2 2 2 2 2 2 2 2 2 2 
2 2 2 2 2 2 2 2 2 2 
2 2 2 2 2 2 2 2 2 2 
2 2 2 2 2 2 2 2 2 2 
2 2 3 3 3 3 3 3 3 3 
3 3 3 3 3 3 3 3 3 3 
3 3 3 3 3 3 3 3 3 3 
3 3 3 3 3 3 3 3 3 3 
3 3 3 3 3 3 3 3 3 3 
3 3 3 3 3 3 3 3 3 3 
3 3 3 3 3 3 3 3 3 3 
3 3 3 3 3 3 3 3 3 3 
3 3 3 3 3 3 3 3 3 3 
3 3 3 3 3 3 3 3 3 3 
3 3 3 3 3 3 3 3 3 3 
3 3 3 3 3 3 3 3 3 3 
3 3 3 3 3 3 3 3 3 3 
3 3 3 3 3 3 3 3 3 3 
3 3 3 3 3 3 3 3 3 3 
3 3 3 3 3 3 3 3 3 3 
3 3 3 3 3 3 3 3 3 3 
3 3 3 3 3 3 3 3 3 3 
3 3 3 3 3 3 3 3 3 3 
3 3 3 3 3 3 3 3 3 3 
3 3 3 3 3 3 3 3 3 3 
3 3 3 3 3 3 3 3 3 3 
3 3 3 3 3 3 3 3 3 3 
3 3 3 3 3 3 3 3 3 3 
3 3 3 3 3 3 3 3 3 3 
3 3 3 3 3 3 3 3 4 4 
4 4 4 4 4 4 4 4 4 4 
4 4 4 4 4 4 4 4 4 4 
4 4 4 4 4 4 4 4 4 4 
4 4 4 4 4 4 4 4 4 4 
4 4 4 4 4 4 4 4 4 4 
4 4 4 4 4 4 4 4 4 4 
4 4 4 4 4 4 4 4 4 4 
4 4 4 4 4 4 4 4 4 4 
4 4 4 4 4 4 4 4 4 4 
4 4 4 4 4 4 4 4 4 4 
4 4 4 4 4 4 4 4 4 4 
4 4 4 4 4 4 4 4 4 4 
4 4 4 4 4 4 4 4 4 4 
4 4 4 4 4 4 4 4 4 4 
4 4 4 4 4 4 4 4 4 4 
4 4 4 4 4 4 4 4 4 4 
4 4 4 4 4 4 4 4 4 4 
4 4 4 4 4 4 4 4 4 4 
4 4 4 4 4 4 4 4 4 4 
4 4 4 4 4 4 4 4 4 4 
4 4 4 4 4 4 4 4 4 4 
4 4 4 4 4 4 4 4 4 4 
4 4 4 4 4 4 4 4 4 4 
4 4 4 4 4 4 4 4 4 4 
4 4 4 4 4 4 4 4 4 4 
4 4 4 4 
